0.33 0.67 0.66 0.59 0.56 0.58 0 0 1
0.33 0.67 0.66 0.59 0.56 0.58 0.29 0.8 0.52
0.33 0.67 0.66 0 0 1 0.29 0.8 0.52
-1 0 0 -0.89 -0.13 -0.43 -0.06 0.86 0.5
-1 0 0 -0.89 -0.13 -0.43 0 0 1
-1 0 0 -0.6 0.4 0.68 -0.35 0.36 0.86
-1 0 0 -0.6 0.4 0.68 -0.06 0.86 0.5
-0.11 -0.9 -0.38 -0.16 -0.72 -0.67 0 -1 0
-0.11 -0.9 -0.38 -0.16 -0.72 -0.67 -0.52 -0.63 -0.57
-0.11 -0.9 -0.38 0 -1 0 -0.52 -0.63 -0.57
-0.89 -0.13 -0.43 -0.06 0.86 0.5 -0.65 0.01 -0.75
-0.89 -0.13 -0.43 -0.52 -0.63 -0.57 0 0 1
-0.89 -0.13 -0.43 -0.52 -0.63 -0.57 -0.79 -0.32 -0.52
-0.89 -0.13 -0.43 -0.65 0.01 -0.75 -0.59 -0.31 -0.74
-0.89 -0.13 -0.43 -0.79 -0.32 -0.52 -0.59 -0.31 -0.74
-0.16 -0.72 -0.67 -0.02 -0.37 -0.92 0 -1 0
-0.16 -0.72 -0.67 -0.02 -0.37 -0.92 -0.52 -0.63 -0.57
-0.6 0.4 0.68 -0.35 0.36 0.86 -0.06 0.86 0.5
-0.66 -0.49 -0.56 -0.52 -0.63 -0.57 -0.79 -0.32 -0.52
-0.66 -0.49 -0.56 -0.52 -0.63 -0.57 -0.59 -0.31 -0.74
-0.66 -0.49 -0.56 -0.79 -0.32 -0.52 -0.59 -0.31 -0.74
-0.35 0.36 0.86 -0.06 0.86 0.5 0 0 1
-0.3 0.09 -0.94 0 0 -1 0 1 0
-0.3 0.09 -0.94 0 0 -1 -0.65 0.01 -0.75
-0.3 0.09 -0.94 0 1 0 -0.65 0.01 -0.75
0.59 0.56 0.58 -0.02 -0.37 -0.92 0.9 0.36 0.21
0.59 0.56 0.58 -0.02 -0.37 -0.92 0.47 0.69 0.55
0.59 0.56 0.58 0.9 0.36 0.21 0.76 0.33 0.56
0.59 0.56 0.58 0 0 1 0.76 0.33 0.56
0.59 0.56 0.58 0.29 0.8 0.52 0.47 0.69 0.55
-0.02 -0.37 -0.92 0 -1 0 0.81 -0.29 -0.5
-0.02 -0.37 -0.92 0 0 -1 0.29 0.8 0.52
-0.02 -0.37 -0.92 0 0 -1 -0.65 0.01 -0.75
-0.02 -0.37 -0.92 0.9 0.36 0.21 0.34 -0.34 -0.87
-0.02 -0.37 -0.92 -0.29 -0.39 -0.87 -0.52 -0.63 -0.57
-0.02 -0.37 -0.92 -0.29 -0.39 -0.87 -0.59 -0.31 -0.74
-0.02 -0.37 -0.92 0.29 0.8 0.52 0.47 0.69 0.55
-0.02 -0.37 -0.92 0.34 -0.34 -0.87 0.81 -0.29 -0.5
-0.02 -0.37 -0.92 -0.65 0.01 -0.75 -0.59 -0.31 -0.74
0 -1 0 0.61 -0.51 0.58 0 0 1
0 -1 0 0.61 -0.51 0.58 0.76 0.33 0.56
0 -1 0 -0.52 -0.63 -0.57 0 0 1
0 -1 0 0.91 0.13 0.38 0.81 -0.29 -0.5
0 -1 0 0.91 0.13 0.38 0.76 0.33 0.56
0 0 -1 0 1 0 0.11 0.91 0.4
0 0 -1 0.29 0.8 0.52 0.11 0.91 0.4
0.9 0.36 0.21 0.34 -0.34 -0.87 0.93 -0.12 -0.26
0.9 0.36 0.21 0.93 -0.12 -0.26 0.76 0.33 0.56
-0.29 -0.39 -0.87 -0.52 -0.63 -0.57 -0.59 -0.31 -0.74
0.02 0.84 0.55 -0.06 0.86 0.5 0 0 1
0.02 0.84 0.55 -0.06 0.86 0.5 0.29 0.8 0.52
0.02 0.84 0.55 0 0 1 0.29 0.8 0.52
0 1 0 0.11 0.91 0.4 -0.67 0.28 -0.67
-0.06 0.86 0.5 0.29 0.8 0.52 0.11 0.91 0.4
-0.06 0.86 0.5 -0.65 0.01 -0.75 -0.67 0.28 -0.67
-0.06 0.86 0.5 0.11 0.91 0.4 -0.67 0.28 -0.67
0.61 -0.51 0.58 0.55 -0.17 0.81 0.76 0.33 0.56
0 0 1 0.55 -0.17 0.81 0.76 0.33 0.56
0.91 0.13 0.38 0.81 -0.29 -0.5 0.76 0.33 0.56
0.34 -0.34 -0.87 0.81 -0.29 -0.5 0.62 -0.32 -0.71
0.81 -0.29 -0.5 0.93 -0.12 -0.26 0.76 0.33 0.56
