"Date" "1" "2" "3" "4" "5" "6" "7" "8" "9" "10" "11" "12" "13" "14" "15" "16" "17" "18" "19" "20" "21" "22" "23" "24" "25" "26" "27" "28" "29" "30" "31" "32" "33" "34"
2018-01-01 6 7 7 5 6 6 5 7 5 6 5 7 7 5 7 6 5 5 7 5 7 7 7 7 7 6 7 7 7 7 7 7 7 7
2018-01-02 5 6 5 6 7 5 7 6 6 7 7 6 5 7 5 7 5 7 7 7 7 6 6 7 6 7 6 5 5 6 6 5 5 7
2018-01-03 7 7 7 7 7 6 5 6 6 7 7 6 6 6 6 6 5 5 7 7 5 7 6 7 5 7 7 6 7 5 5 7 7 7
2018-01-04 7 7 7 6 6 5 7 7 5 7 7 7 7 6 5 7 5 5 7 5 5 7 7 7 7 7 7 7 5 6 5 7 5 7
2018-01-05 5 7 7 6 6 7 7 6 6 5 6 7 7 7 6 6 5 7 7 7 7 7 7 7 6 5 7 6 5 7 5 6 6 6
2018-01-06 8 8 8 8 8 8 8 8 8 8 8 8 8 8 8 8 8 8 8 8 8 8 8 8 8 8 8 8 8 8 8 8 8 8
2018-01-07 8 8 8 8 8 8 8 8 8 8 8 8 8 8 8 8 8 8 8 8 8 8 8 8 8 8 8 8 8 8 8 8 8 8
2018-01-08 6 7 7 7 6 7 7 6 7 7 7 7 6 7 6 6 5 5 6 5 6 5 7 7 6 7 7 5 6 7 6 5 7 7
2018-01-09 7 7 6 7 7 5 7 6 7 7 7 7 6 5 6 6 7 6 7 6 7 7 5 5 7 7 7 7 7 6 6 6 7 7
2018-01-10 6 7 5 7 6 6 7 6 6 6 6 5 7 7 5 5 6 6 6 7 7 7 7 5 7 7 7 7 7 5 6 7 7 7
2018-01-11 6 7 7 6 7 6 6 6 7 5 5 5 5 7 5 5 5 6 5 7 6 5 5 6 7 7 7 6 6 7 7 6 7 7
2018-01-12 7 5 7 6 7 7 6 7 6 7 6 5 6 7 7 6 6 6 6 6 7 6 7 7 6 7 7 7 7 6 7 5 6 7
2018-01-13 8 8 8 8 8 8 8 8 8 8 8 8 8 8 8 8 8 8 8 8 8 8 8 8 8 8 8 8 8 8 8 8 8 8
2018-01-14 8 8 8 8 8 8 8 8 8 8 8 8 8 8 8 8 8 8 8 8 8 8 8 8 8 8 8 8 8 8 8 8 8 8
2018-01-15 7 7 7 7 7 7 7 7 7 6 6 7 7 7 7 7 5 7 7 7 7 7 7 6 7 7 7 6 6 5 7 7 7 7
2018-01-16 5 7 7 6 5 6 7 7 7 7 7 7 6 6 7 5 7 7 7 6 6 7 7 6 6 6 7 6 6 7 6 7 6 7
2018-01-17 7 5 7 6 7 6 7 6 7 6 7 5 6 7 7 6 7 6 7 6 6 7 7 7 7 7 7 7 6 6 7 5 6 5
2018-01-18 6 7 7 6 7 7 7 6 7 6 7 7 7 7 5 6 7 7 7 6 7 6 7 7 6 7 7 7 7 6 7 6 6 6
2018-01-19 7 7 6 6 7 6 5 6 7 6 7 7 7 7 6 7 7 7 6 7 7 5 7 7 6 7 7 7 5 5 7 6 7 7
2018-01-20 8 8 8 8 8 8 8 8 8 8 8 8 8 8 8 8 8 8 8 8 8 8 8 8 8 8 8 8 8 8 8 8 8 8
2018-01-21 8 8 8 8 8 8 8 8 8 8 8 8 8 8 8 8 8 8 8 8 8 8 8 8 8 8 8 8 8 8 8 8 8 8
2018-01-22 6 7 6 7 7 7 6 7 6 7 6 7 7 6 7 7 5 7 6 5 7 7 7 5 6 6 6 6 6 6 7 7 7 6
2018-01-23 7 7 7 7 5 7 7 6 7 7 6 7 7 5 7 7 6 6 7 7 7 6 6 6 7 6 7 7 7 6 7 6 7 6
2018-01-24 6 7 7 7 7 7 7 6 7 5 7 5 7 7 7 6 6 6 7 7 7 6 6 7 7 6 5 7 7 6 6 6 6 7
2018-01-25 7 7 7 7 7 7 6 7 6 5 7 5 7 6 7 6 6 7 5 6 7 6 7 7 6 7 7 7 7 7 5 7 6 6
2018-01-26 7 5 7 5 6 7 7 7 7 6 6 7 6 5 7 6 5 7 7 7 7 7 6 6 6 7 7 5 6 6 7 7 5 5
2018-01-27 8 8 8 8 8 8 8 8 8 8 8 8 8 8 8 8 8 8 8 8 8 8 8 8 8 8 8 8 8 8 8 8 8 8
2018-01-28 8 8 8 8 8 8 8 8 8 8 8 8 8 8 8 8 8 8 8 8 8 8 8 8 8 8 8 8 8 8 8 8 8 8
2018-01-29 7 7 6 7 7 6 5 6 7 7 7 5 7 6 7 7 7 6 7 5 7 7 7 6 7 7 6 5 7 6 6 7 5 7
2018-01-30 7 5 7 7 7 6 7 7 7 5 7 6 7 7 7 7 6 7 7 6 7 7 7 6 5 6 5 6 6 7 7 5 7 6
2018-01-31 5 7 6 7 7 6 6 6 5 6 5 7 7 7 6 6 7 7 7 7 7 6 7 7 7 7 7 6 7 6 7 5 6 7
2018-02-01 6 5 6 7 7 7 7 5 5 7 7 6 7 7 7 6 6 6 7 7 7 7 7 7 7 6 7 7 7 5 7 7 7 7
2018-02-02 6 7 7 5 7 6 7 7 5 7 6 6 7 6 5 6 6 6 7 5 7 7 6 6 5 7 7 7 7 6 6 6 7 6
2018-02-03 8 8 8 8 8 8 8 8 8 8 8 8 8 8 8 8 8 8 8 8 8 8 8 8 8 8 8 8 8 8 8 8 8 8
2018-02-04 8 8 8 8 8 8 8 8 8 8 8 8 8 8 8 8 8 8 8 8 8 8 8 8 8 8 8 8 8 8 8 8 8 8
2018-02-05 6 7 7 7 5 6 5 7 5 7 7 7 6 7 7 7 7 7 7 5 7 7 6 6 5 7 7 6 6 7 6 5 7 6
2018-02-06 5 5 5 5 5 7 7 7 5 7 6 6 5 5 7 6 5 7 6 5 7 7 7 5 6 7 7 7 6 7 6 7 7 7
2018-02-07 5 7 5 7 6 7 7 7 7 7 7 6 6 5 7 7 7 5 7 7 7 6 7 6 7 6 7 5 7 7 7 6 7 5
2018-02-08 6 6 5 7 6 6 7 6 5 7 6 5 7 6 6 6 6 7 7 7 5 7 7 5 7 7 6 7 5 7 6 5 7 7
2018-02-09 6 6 6 6 6 7 7 6 5 7 7 7 7 6 6 6 7 6 7 6 7 6 7 6 7 6 6 5 6 6 6 7 7 7
2018-02-10 8 8 8 8 8 8 8 8 8 8 8 8 8 8 8 8 8 8 8 8 8 8 8 8 8 8 8 8 8 8 8 8 8 8
2018-02-11 8 8 8 8 8 8 8 8 8 8 8 8 8 8 8 8 8 8 8 8 8 8 8 8 8 8 8 8 8 8 8 8 8 8
2018-02-12 6 7 5 6 7 6 7 7 7 6 7 6 6 5 7 5 5 7 7 5 5 7 5 5 6 5 7 6 7 7 7 7 7 7
2018-02-13 7 5 6 5 6 7 5 6 6 6 7 7 7 6 7 7 6 6 7 7 6 5 7 7 5 7 6 7 7 7 6 7 7 6
2018-02-14 7 7 6 7 6 5 7 7 5 7 7 6 7 5 6 7 6 5 6 7 5 7 7 7 6 5 7 6 5 7 6 7 7 7
2018-02-15 6 5 6 5 7 5 7 7 7 5 7 6 7 5 7 7 5 6 7 7 7 6 6 6 7 7 7 7 7 6 7 7 7 7
2018-02-16 5 7 7 6 7 7 7 7 5 6 5 5 7 7 7 5 7 7 7 6 6 5 7 7 7 5 5 7 6 7 7 6 7 6
2018-02-17 8 8 8 8 8 8 8 8 8 8 8 8 8 8 8 8 8 8 8 8 8 8 8 8 8 8 8 8 8 8 8 8 8 8
2018-02-18 8 8 8 8 8 8 8 8 8 8 8 8 8 8 8 8 8 8 8 8 8 8 8 8 8 8 8 8 8 8 8 8 8 8
2018-02-19 6 7 7 6 7 7 7 7 7 6 6 7 7 5 7 5 5 6 6 6 7 5 6 5 5 6 7 6 6 6 7 6 6 7
2018-02-20 7 5 6 7 5 7 7 6 7 6 7 7 7 5 7 7 6 7 6 6 7 6 6 5 6 6 7 5 6 6 6 5 5 7
2018-02-21 6 6 6 6 6 6 5 7 7 6 7 7 7 7 7 5 6 7 6 7 7 6 6 7 6 7 5 7 6 6 7 6 6 5
2018-02-22 7 5 7 7 5 6 7 6 6 6 7 6 5 7 6 6 7 5 5 7 7 5 5 6 6 5 7 7 6 6 7 6 7 6
2018-02-23 6 6 7 7 6 6 6 5 6 6 7 7 7 7 6 6 6 7 6 6 7 6 5 6 7 7 5 7 6 7 7 7 7 7
2018-02-24 8 8 8 8 8 8 8 8 8 8 8 8 8 8 8 8 8 8 8 8 8 8 8 8 8 8 8 8 8 8 8 8 8 8
2018-02-25 8 8 8 8 8 8 8 8 8 8 8 8 8 8 8 8 8 8 8 8 8 8 8 8 8 8 8 8 8 8 8 8 8 8
2018-02-26 6 6 6 7 7 7 6 7 7 7 7 5 7 7 7 7 7 7 6 7 7 5 7 6 6 6 7 7 7 6 7 6 6 5
2018-02-27 7 7 6 7 7 6 6 7 5 7 7 5 7 7 6 6 7 7 7 7 5 6 6 6 5 6 7 6 7 7 6 7 5 5
2018-02-28 6 6 6 5 7 7 7 7 7 6 7 6 7 5 6 7 7 5 7 7 5 7 7 6 7 7 7 7 5 6 7 7 7 6
2018-03-01 5 7 7 7 7 5 7 7 5 7 6 6 6 5 6 7 7 5 5 7 6 7 7 7 6 6 5 5 7 5 6 7 7 5
2018-03-02 7 6 6 6 7 7 7 7 7 7 6 7 7 7 6 7 5 5 5 5 6 5 7 7 7 7 6 5 6 6 6 6 6 5
2018-03-03 8 8 8 8 8 8 8 8 8 8 8 8 8 8 8 8 8 8 8 8 8 8 8 8 8 8 8 8 8 8 8 8 8 8
2018-03-04 8 8 8 8 8 8 8 8 8 8 8 8 8 8 8 8 8 8 8 8 8 8 8 8 8 8 8 8 8 8 8 8 8 8
2018-03-05 6 5 7 6 7 6 7 7 5 7 6 6 7 7 6 6 6 7 7 6 5 6 7 5 6 7 6 7 5 6 7 6 7 6
2018-03-06 7 7 6 6 7 5 7 7 7 7 7 5 5 6 5 6 7 6 7 5 7 7 6 7 7 7 6 7 7 5 6 7 7 6
2018-03-07 7 7 7 7 5 7 7 6 5 5 7 6 5 7 5 7 5 6 7 5 7 5 5 5 6 5 7 6 7 6 6 7 5 7
2018-03-08 6 7 7 7 7 5 6 7 6 5 5 6 5 7 7 7 7 6 7 7 5 6 6 6 7 7 7 6 6 5 6 5 7 6
2018-03-09 5 7 6 7 6 6 7 6 5 7 7 6 7 7 5 7 7 5 7 7 7 7 5 5 5 7 6 7 6 5 5 7 6 7
2018-03-10 8 8 8 8 8 8 8 8 8 8 8 8 8 8 8 8 8 8 8 8 8 8 8 8 8 8 8 8 8 8 8 8 8 8
2018-03-11 8 8 8 8 8 8 8 8 8 8 8 8 8 8 8 8 8 8 8 8 8 8 8 8 8 8 8 8 8 8 8 8 8 8
2018-03-12 7 7 7 7 6 7 6 6 7 6 7 5 6 6 6 7 7 7 7 7 7 5 6 7 7 5 5 7 5 5 7 7 7 5
2018-03-13 7 6 6 7 5 7 7 6 7 7 7 5 7 7 6 7 6 5 6 7 5 7 6 7 7 7 5 6 6 6 6 6 7 7
2018-03-14 7 7 5 5 7 7 6 7 7 6 5 7 6 6 6 7 7 7 7 7 5 7 6 7 6 6 5 7 7 7 7 6 5 7
2018-03-15 7 7 5 7 6 7 5 7 7 7 7 7 7 6 5 7 7 7 7 6 7 6 6 7 6 6 7 5 6 7 5 6 7 6
2018-03-16 9 9 9 9 9 9 9 9 11 9 9 9 9 9 9 10 9 9 9 9 11 9 11 11 9 9 9 9 9 9 9 9 9 9
2018-03-17 12 12 12 12 12 12 12 12 12 12 12 12 12 12 12 12 12 12 12 12 12 12 12 12 12 12 12 12 12 12 12 12 12 12
2018-03-18 12 12 12 12 12 12 12 12 12 12 12 12 12 12 12 12 12 12 12 12 12 12 12 12 12 12 12 12 12 12 12 12 12 12
2018-03-19 9 11 9 9 9 9 10 9 11 11 11 11 9 9 9 11 11 9 9 9 11 9 9 9 9 9 9 9 9 9 9 9 11 9
2018-03-20 9 9 9 9 9 9 11 9 9 11 11 11 9 9 9 9 9 9 9 9 11 9 9 10 9 9 9 9 11 9 9 9 11 9
2018-03-21 9 11 9 9 9 9 11 9 11 9 9 9 9 9 9 9 9 9 9 9 9 9 11 11 9 9 9 9 9 9 9 9 9 9
2018-03-22 9 9 9 9 9 9 9 9 11 9 9 9 9 9 11 9 9 9 9 11 9 9 9 11 9 9 9 9 9 9 10 9 9 9
2018-03-23 9 9 9 9 9 9 11 9 11 10 9 11 9 9 9 9 9 9 9 9 9 9 9 9 9 9 9 9 9 9 9 9 9 9
2018-03-24 12 12 12 12 12 12 12 12 12 12 12 12 12 12 12 12 12 12 12 12 12 12 12 12 12 12 12 12 12 12 12 12 12 12
2018-03-25 12 12 12 12 12 12 12 12 12 12 12 12 12 12 12 12 12 12 12 12 12 12 12 12 12 12 12 12 12 12 12 12 12 12
2018-03-26 9 9 9 11 9 11 11 11 9 11 9 9 11 9 10 9 9 9 9 11 9 9 9 10 9 9 9 9 9 9 11 9 9 9
2018-03-27 9 9 9 9 9 9 9 11 9 11 9 9 9 9 9 11 11 9 9 11 9 10 9 11 10 9 9 9 11 9 11 9 9 9
2018-03-28 10 9 9 9 11 11 9 9 9 10 9 9 11 9 9 9 10 9 9 11 9 10 9 9 9 9 9 9 9 10 11 9 9 9
2018-03-29 9 9 9 9 11 9 9 10 9 9 9 9 11 9 9 9 11 9 9 9 9 10 9 9 9 9 9 9 9 9 9 9 9 11
2018-03-30 9 9 9 9 9 9 9 9 9 9 9 9 11 9 9 11 11 9 9 10 10 9 10 11 9 9 11 9 11 10 9 9 9 9
2018-03-31 12 12 12 12 12 12 12 12 12 12 12 12 12 12 12 12 12 12 12 12 12 12 12 12 12 12 12 12 12 12 12 12 12 12
2018-04-01 12 12 12 12 12 12 12 12 12 12 12 12 12 12 12 12 12 12 12 12 12 12 12 12 12 12 12 12 12 12 12 12 12 12
2018-04-02 9 9 9 10 9 9 9 9 11 11 9 9 9 11 9 9 11 11 9 11 11 9 11 11 9 10 11 11 11 11 11 9 9 9
2018-04-03 9 9 9 11 9 9 9 11 9 11 9 9 9 11 9 11 9 10 9 11 11 9 11 9 11 11 11 11 9 9 11 9 11 9
2018-04-04 9 9 9 9 9 9 9 9 9 11 9 9 9 11 9 11 11 9 9 11 11 9 11 11 11 9 9 9 9 11 9 9 11 9
2018-04-05 11 9 9 11 9 11 9 9 9 9 9 9 9 9 9 11 11 11 9 11 11 11 9 9 11 9 9 9 11 11 11 9 9 9
2018-04-06 11 9 9 9 9 11 10 9 9 11 9 9 9 9 9 11 11 10 9 9 10 11 9 11 9 9 9 10 9 11 9 9 9 9
2018-04-07 12 12 12 12 12 12 12 12 12 12 12 12 12 12 12 12 12 12 12 12 12 12 12 12 12 12 12 12 12 12 12 12 12 12
2018-04-08 12 12 12 12 12 12 12 12 12 12 12 12 12 12 12 12 12 12 12 12 12 12 12 12 12 12 12 12 12 12 12 12 12 12
2018-04-09 9 10 10 10 9 11 10 10 9 11 10 11 9 11 10 10 10 11 10 10 9 9 9 11 9 11 11 10 11 9 11 11 9 11
2018-04-10 9 10 9 9 9 10 11 11 9 10 9 11 9 9 10 9 9 11 9 9 11 9 9 11 9 11 9 9 11 10 9 9 10 10
2018-04-11 9 9 9 9 9 11 11 11 9 9 10 11 9 9 10 11 9 11 9 9 9 9 9 10 9 9 9 9 11 10 11 9 9 11
2018-04-12 9 9 9 9 9 9 11 9 10 9 10 9 9 10 11 11 9 9 9 11 11 9 9 10 9 10 9 9 11 9 9 11 9 11
2018-04-13 9 9 9 11 9 10 9 11 10 10 10 11 9 11 11 10 9 9 9 11 9 9 10 10 11 9 11 11 11 11 10 11 11 9
2018-04-14 12 12 12 12 12 12 12 12 12 12 12 12 12 12 12 12 12 12 12 12 12 12 12 12 12 12 12 12 12 12 12 12 12 12
2018-04-15 12 12 12 12 12 12 12 12 12 12 12 12 12 12 12 12 12 12 12 12 12 12 12 12 12 12 12 12 12 12 12 12 12 12
2018-04-16 9 10 11 10 9 10 11 10 9 11 9 9 9 9 9 11 9 9 11 10 9 11 11 11 9 10 9 9 10 10 9 9 9 11
2018-04-17 11 11 9 9 9 10 11 11 9 9 9 11 9 11 10 9 9 9 11 9 9 9 10 11 11 9 9 9 9 9 9 11 11 10
2018-04-18 10 11 9 10 9 10 11 9 9 9 9 11 9 9 11 9 9 9 11 9 9 9 9 11 11 9 10 9 10 10 9 11 9 10
2018-04-19 9 11 9 10 9 10 10 9 9 9 11 9 9 10 10 9 9 9 11 9 9 10 11 11 10 9 11 11 10 10 11 11 11 9
2018-04-20 10 11 9 11 11 10 11 10 9 9 11 10 9 9 10 9 11 10 11 9 10 10 11 11 10 9 9 10 9 11 11 11 11 11
2018-04-21 12 12 12 12 12 12 12 12 12 12 12 12 12 12 12 12 12 12 12 12 12 12 12 12 12 12 12 12 12 12 12 12 12 12
2018-04-22 12 12 12 12 12 12 12 12 12 12 12 12 12 12 12 12 12 12 12 12 12 12 12 12 12 12 12 12 12 12 12 12 12 12
2018-04-23 9 11 10 9 9 10 10 10 11 9 11 11 9 11 11 10 9 9 11 9 10 10 11 10 10 10 10 10 11 9 11 9 10 10
2018-04-24 11 10 9 11 11 11 11 11 9 9 11 9 11 11 9 11 11 10 11 9 10 11 10 11 10 10 11 9 11 11 11 9 10 11
2018-04-25 10 9 10 11 9 10 9 11 11 9 10 9 11 11 11 11 10 10 10 9 11 9 10 9 10 10 9 11 9 11 11 11 11 10
2018-04-26 11 9 10 11 11 10 9 9 10 11 9 11 9 11 9 11 10 11 10 11 10 9 11 9 10 10 10 11 9 9 11 10 10 11
2018-04-27 11 11 11 11 9 11 9 9 9 11 9 10 10 10 9 11 10 9 9 9 11 11 10 9 11 10 10 11 10 11 11 9 11 10
2018-04-28 12 12 12 12 12 12 12 12 12 12 12 12 12 12 12 12 12 12 12 12 12 12 12 12 12 12 12 12 12 12 12 12 12 12
2018-04-29 12 12 12 12 12 12 12 12 12 12 12 12 12 12 12 12 12 12 12 12 12 12 12 12 12 12 12 12 12 12 12 12 12 12
2018-04-30 11 11 10 10 9 9 9 10 10 11 9 11 9 10 10 9 10 11 11 11 10 10 10 11 10 9 11 10 10 9 9 9 10 9
2018-05-01 10 10 9 10 10 10 11 11 10 9 11 9 9 11 10 10 11 11 10 10 11 9 9 10 10 11 11 10 11 11 10 10 10 10
2018-05-02 11 11 11 9 11 10 10 9 11 10 11 10 11 10 11 9 9 11 11 9 9 11 11 9 10 10 11 11 11 11 9 11 11 11
2018-05-03 11 11 9 10 9 10 9 10 10 11 10 9 9 11 11 10 9 10 11 9 9 9 11 10 9 10 11 11 10 11 9 11 9 10
2018-05-04 11 10 10 9 11 9 9 10 10 11 9 9 10 10 9 9 11 9 9 11 11 11 10 11 11 10 10 9 11 10 10 10 9 9
2018-05-05 12 12 12 12 12 12 12 12 12 12 12 12 12 12 12 12 12 12 12 12 12 12 12 12 12 12 12 12 12 12 12 12 12 12
2018-05-06 12 12 12 12 12 12 12 12 12 12 12 12 12 12 12 12 12 12 12 12 12 12 12 12 12 12 12 12 12 12 12 12 12 12
2018-05-07 9 9 9 11 9 11 11 9 10 9 11 10 10 10 10 9 9 9 11 10 10 10 10 10 9 10 11 9 10 9 10 9 9 9
2018-05-08 10 10 10 11 11 10 9 11 10 10 11 9 10 11 9 11 9 9 9 11 9 11 10 10 11 10 10 9 10 11 10 9 11 11
2018-05-09 9 10 11 9 10 9 10 9 10 9 11 9 9 11 10 11 9 11 9 11 9 10 9 11 10 9 10 10 10 9 9 10 9 9
2018-05-10 10 11 9 9 10 10 11 10 10 11 9 9 10 10 9 11 10 10 10 11 10 10 9 11 10 11 11 10 11 11 9 11 10 9
2018-05-11 10 11 10 9 10 9 11 10 10 10 11 9 11 10 11 11 10 10 10 11 11 10 11 10 10 11 11 9 10 10 9 10 9 11
2018-05-12 12 12 12 12 12 12 12 12 12 12 12 12 12 12 12 12 12 12 12 12 12 12 12 12 12 12 12 12 12 12 12 12 12 12
2018-05-13 12 12 12 12 12 12 12 12 12 12 12 12 12 12 12 12 12 12 12 12 12 12 12 12 12 12 12 12 12 12 12 12 12 12
2018-05-14 10 11 11 9 10 11 9 11 11 10 9 11 11 11 10 11 9 11 9 10 11 9 11 11 10 11 10 9 9 10 10 10 11 10
2018-05-15 10 11 11 11 10 9 11 11 10 9 9 9 11 11 10 9 11 10 10 11 11 11 11 10 10 11 10 10 11 11 9 9 11 10
2018-05-16 1 3 1 1 1 2 1 1 1 2 1 3 1 1 1 1 1 1 1 2 1 1 1 3 1 3 1 1 2 2 2 1 1 1
2018-05-17 1 1 1 1 1 1 1 1 3 2 1 1 1 2 1 1 1 1 1 2 1 2 3 1 1 1 1 1 2 2 2 1 1 3
2018-05-18 1 3 1 1 1 1 1 1 1 1 1 1 3 2 2 1 1 1 1 2 1 1 1 1 2 3 1 1 2 3 2 1 3 3
2018-05-19 4 4 4 4 4 4 4 4 4 4 4 4 4 4 4 4 4 4 4 4 4 4 4 4 4 4 4 4 4 4 4 4 4 4
2018-05-20 4 4 4 4 4 4 4 4 4 4 4 4 4 4 4 4 4 4 4 4 4 4 4 4 4 4 4 4 4 4 4 4 4 4
2018-05-21 2 2 2 3 2 3 1 2 2 2 3 1 1 1 2 3 1 2 2 1 1 2 1 1 1 1 2 2 3 2 1 2 1 2
2018-05-22 2 1 2 2 3 2 3 2 1 2 1 1 1 2 1 2 1 2 2 3 1 2 1 2 1 1 1 1 3 1 1 1 2 1
2018-05-23 3 3 2 2 2 2 1 2 1 2 1 2 2 1 3 2 2 3 2 1 2 1 2 1 1 2 2 1 3 1 1 2 2 2
2018-05-24 1 2 1 2 3 1 1 2 1 1 1 3 1 2 1 2 2 2 1 1 2 1 1 1 2 1 1 1 1 2 2 2 2 2
2018-05-25 1 2 1 2 3 3 1 1 1 1 3 1 2 3 1 1 2 2 1 1 2 2 3 3 2 1 3 2 2 1 1 2 3 1
2018-05-26 4 4 4 4 4 4 4 4 4 4 4 4 4 4 4 4 4 4 4 4 4 4 4 4 4 4 4 4 4 4 4 4 4 4
2018-05-27 4 4 4 4 4 4 4 4 4 4 4 4 4 4 4 4 4 4 4 4 4 4 4 4 4 4 4 4 4 4 4 4 4 4
2018-05-28 1 2 1 1 2 1 1 1 1 1 1 1 1 1 1 2 1 2 2 1 1 1 1 1 2 1 1 2 1 1 1 1 2 1
2018-05-29 1 1 2 2 2 1 1 3 1 3 1 2 1 3 1 1 2 2 2 2 2 3 3 1 1 2 2 2 3 2 1 2 2 2
2018-05-30 2 1 1 1 2 3 2 1 1 1 3 3 1 2 3 2 2 2 2 2 1 1 3 3 1 2 2 1 2 1 1 2 1 1
2018-05-31 1 1 2 1 1 3 1 1 1 3 1 2 2 2 1 1 1 1 2 1 1 2 3 3 2 1 2 2 2 3 1 1 3 2
2018-06-01 1 3 2 3 2 1 2 2 3 3 3 2 3 1 3 2 1 1 3 1 2 1 3 3 2 1 1 1 2 2 1 2 1 1
2018-06-02 4 4 4 4 4 4 4 4 4 4 4 4 4 4 4 4 4 4 4 4 4 4 4 4 4 4 4 4 4 4 4 4 4 4
2018-06-03 4 4 4 4 4 4 4 4 4 4 4 4 4 4 4 4 4 4 4 4 4 4 4 4 4 4 4 4 4 4 4 4 4 4
2018-06-04 2 1 2 1 2 2 1 1 1 2 3 3 2 1 1 1 3 2 2 2 1 3 3 2 2 1 1 2 1 2 2 3 1 1
2018-06-05 1 1 2 1 2 1 2 1 3 1 3 2 2 1 3 1 1 2 1 1 2 2 3 2 1 1 1 3 2 2 1 3 1 1
2018-06-06 2 1 1 3 2 3 2 2 1 2 2 3 1 1 3 1 2 2 1 3 2 2 3 1 1 1 1 1 1 2 3 1 3 1
2018-06-07 2 1 3 2 2 2 3 2 3 1 2 1 1 1 2 1 1 1 2 2 2 3 1 2 2 2 2 1 2 2 1 3 2 1
2018-06-08 2 1 2 3 2 3 2 1 2 3 1 1 1 1 1 1 3 1 2 1 1 2 1 3 1 2 1 3 1 3 3 1 1 1
2018-06-09 4 4 4 4 4 4 4 4 4 4 4 4 4 4 4 4 4 4 4 4 4 4 4 4 4 4 4 4 4 4 4 4 4 4
2018-06-10 4 4 4 4 4 4 4 4 4 4 4 4 4 4 4 4 4 4 4 4 4 4 4 4 4 4 4 4 4 4 4 4 4 4
2018-06-11 3 1 1 1 3 3 3 1 1 2 2 3 1 2 1 3 3 1 2 1 2 1 3 3 2 2 1 2 3 3 3 1 1 3
2018-06-12 2 2 3 2 3 1 1 3 1 2 2 3 1 2 2 1 3 3 1 2 1 3 2 3 2 2 1 3 2 1 2 2 2 1
2018-06-13 2 3 3 2 3 1 1 1 1 2 1 3 1 1 2 2 1 3 1 1 1 1 1 1 1 1 2 1 1 2 3 3 1 1
2018-06-14 1 3 2 1 3 3 1 1 2 2 2 3 2 3 3 1 1 3 3 1 1 3 3 1 2 3 1 2 2 2 2 3 1 1
2018-06-15 3 2 2 2 3 2 1 2 2 3 3 1 2 3 3 3 1 3 2 3 1 1 3 1 2 1 1 2 3 2 1 1 3 1
2018-06-16 4 4 4 4 4 4 4 4 4 4 4 4 4 4 4 4 4 4 4 4 4 4 4 4 4 4 4 4 4 4 4 4 4 4
2018-06-17 4 4 4 4 4 4 4 4 4 4 4 4 4 4 4 4 4 4 4 4 4 4 4 4 4 4 4 4 4 4 4 4 4 4
2018-06-18 1 1 1 1 1 1 2 2 2 3 2 3 1 2 1 3 3 1 1 3 1 1 3 2 1 1 3 3 1 2 1 2 1 3
2018-06-19 3 3 3 3 1 2 1 1 1 1 3 3 2 3 2 1 1 1 1 1 1 2 1 1 3 3 3 2 2 1 1 2 2 2
2018-06-20 1 2 2 2 2 3 2 1 2 2 2 1 2 1 3 2 1 1 3 3 2 2 3 1 1 1 2 1 2 1 1 3 2 2
2018-06-21 1 3 3 1 1 1 1 1 3 3 2 2 1 2 2 3 1 2 2 2 3 2 1 2 2 1 1 1 1 2 1 2 1 2
2018-06-22 2 1 1 1 1 3 1 2 2 1 3 1 2 2 2 2 2 1 1 3 2 1 3 1 3 2 2 3 1 1 1 3 3 1
2018-06-23 4 4 4 4 4 4 4 4 4 4 4 4 4 4 4 4 4 4 4 4 4 4 4 4 4 4 4 4 4 4 4 4 4 4
2018-06-24 4 4 4 4 4 4 4 4 4 4 4 4 4 4 4 4 4 4 4 4 4 4 4 4 4 4 4 4 4 4 4 4 4 4
2018-06-25 2 1 2 1 1 1 3 1 1 1 3 3 2 3 3 1 3 2 1 1 3 2 2 1 3 3 1 3 3 2 2 3 2 2
2018-06-26 3 1 2 2 1 3 1 1 2 2 1 3 3 1 2 1 1 1 1 1 1 1 2 1 2 2 1 1 3 1 2 1 1 2
2018-06-27 1 3 3 1 2 2 1 2 3 2 1 1 2 1 2 2 2 2 2 2 2 1 2 2 2 1 1 1 1 3 2 2 1 1
2018-06-28 3 2 3 3 1 2 1 2 2 2 1 1 1 3 2 3 1 1 2 2 1 1 1 1 1 2 2 2 2 1 1 3 1 1
2018-06-29 2 1 3 1 3 3 1 3 1 1 1 1 2 1 1 1 3 1 2 1 2 1 3 1 1 2 1 2 3 2 1 3 3 2
2018-06-30 4 4 4 4 4 4 4 4 4 4 4 4 4 4 4 4 4 4 4 4 4 4 4 4 4 4 4 4 4 4 4 4 4 4
2018-07-01 4 4 4 4 4 4 4 4 4 4 4 4 4 4 4 4 4 4 4 4 4 4 4 4 4 4 4 4 4 4 4 4 4 4
2018-07-02 3 2 3 2 1 3 1 1 2 1 1 1 1 1 3 3 1 3 1 1 2 3 3 1 2 1 2 1 3 2 3 1 1 2
2018-07-03 2 3 1 1 2 3 1 1 1 3 1 1 3 2 3 1 3 1 3 1 2 1 1 2 3 2 1 2 2 2 1 3 1 1
2018-07-04 1 1 3 1 2 1 2 1 2 2 1 2 1 1 1 1 2 1 2 1 2 3 2 2 2 3 2 1 2 2 1 1 3 1
2018-07-05 2 1 1 1 3 1 2 1 1 2 1 1 1 1 2 2 2 1 1 3 1 3 1 3 3 2 1 2 3 1 3 3 2 3
2018-07-06 2 2 2 3 3 2 2 1 2 3 2 2 2 1 3 3 2 2 2 1 2 3 2 1 2 2 2 2 3 1 1 2 1 2
2018-07-07 4 4 4 4 4 4 4 4 4 4 4 4 4 4 4 4 4 4 4 4 4 4 4 4 4 4 4 4 4 4 4 4 4 4
2018-07-08 4 4 4 4 4 4 4 4 4 4 4 4 4 4 4 4 4 4 4 4 4 4 4 4 4 4 4 4 4 4 4 4 4 4
2018-07-09 1 1 3 1 2 1 3 3 1 1 1 1 2 3 3 2 3 3 3 2 1 3 3 1 3 2 2 2 3 1 3 1 2 2
2018-07-10 2 1 3 1 3 2 1 3 2 1 1 3 1 2 2 3 3 2 2 3 3 3 2 1 2 2 1 2 1 3 2 2 1 1
2018-07-11 1 1 2 1 3 2 2 3 1 2 2 2 1 1 3 1 2 2 2 2 1 2 2 1 2 1 2 1 2 2 1 1 1 1
2018-07-12 1 3 3 3 3 1 1 1 1 1 2 3 1 1 1 2 2 2 1 2 1 1 2 1 1 2 2 1 1 1 1 2 1 2
2018-07-13 3 1 3 1 1 1 1 1 1 1 1 1 2 3 1 1 2 3 1 1 2 1 1 1 1 1 1 1 1 2 2 1 2 2
2018-07-14 4 4 4 4 4 4 4 4 4 4 4 4 4 4 4 4 4 4 4 4 4 4 4 4 4 4 4 4 4 4 4 4 4 4
2018-07-15 4 4 4 4 4 4 4 4 4 4 4 4 4 4 4 4 4 4 4 4 4 4 4 4 4 4 4 4 4 4 4 4 4 4
2018-07-16 2 3 1 1 1 3 1 2 3 1 2 3 2 3 3 1 1 1 3 1 3 2 1 1 2 2 3 1 1 1 3 1 1 1
2018-07-17 2 2 2 1 2 1 1 2 1 3 1 2 2 2 2 1 2 1 1 2 2 1 2 3 3 1 2 2 3 1 1 1 1 3
2018-07-18 1 2 2 2 3 1 2 1 2 3 1 2 1 1 1 2 3 1 1 3 3 1 1 2 1 1 1 1 2 1 2 1 2 1
2018-07-19 1 1 1 3 1 3 2 1 2 2 1 2 1 1 3 1 3 1 2 3 1 3 1 1 2 1 1 1 1 2 2 3 2 2
2018-07-20 1 2 3 3 1 1 2 1 2 3 2 3 1 1 2 2 1 1 2 3 1 1 2 2 1 2 3 2 2 3 2 3 1 3
2018-07-21 4 4 4 4 4 4 4 4 4 4 4 4 4 4 4 4 4 4 4 4 4 4 4 4 4 4 4 4 4 4 4 4 4 4
2018-07-22 4 4 4 4 4 4 4 4 4 4 4 4 4 4 4 4 4 4 4 4 4 4 4 4 4 4 4 4 4 4 4 4 4 4
2018-07-23 1 3 3 1 1 1 2 1 1 1 1 3 2 3 1 1 3 1 3 1 3 2 1 3 1 3 3 3 1 2 1 1 2 1
2018-07-24 3 2 1 1 3 3 3 2 1 3 3 1 3 3 2 2 2 3 2 1 3 2 2 3 1 1 1 2 3 2 1 1 2 1
2018-07-25 1 1 1 2 3 2 2 1 2 3 2 2 2 2 2 2 1 3 2 1 2 3 1 3 1 2 1 3 2 1 1 1 2 2
2018-07-26 3 2 1 3 3 2 1 2 2 1 3 2 1 2 3 1 1 1 2 2 2 1 3 3 1 2 1 3 3 1 1 2 2 2
2018-07-27 3 2 3 2 1 2 2 3 1 1 3 2 1 1 3 1 2 2 3 1 1 3 1 3 1 2 3 1 1 2 3 1 2 2
2018-07-28 4 4 4 4 4 4 4 4 4 4 4 4 4 4 4 4 4 4 4 4 4 4 4 4 4 4 4 4 4 4 4 4 4 4
2018-07-29 4 4 4 4 4 4 4 4 4 4 4 4 4 4 4 4 4 4 4 4 4 4 4 4 4 4 4 4 4 4 4 4 4 4
2018-07-30 1 2 1 1 1 2 2 1 1 1 1 1 3 1 1 1 1 2 3 3 3 1 1 1 2 2 3 1 1 2 1 1 3 2
2018-07-31 2 1 2 2 2 2 3 2 2 1 3 1 2 3 1 3 2 3 1 2 3 1 3 1 1 2 3 1 1 1 1 1 1 3
2018-08-01 2 2 1 1 2 1 1 2 3 1 2 1 2 3 1 1 1 3 1 3 3 1 2 1 3 3 3 1 1 3 2 1 3 3
2018-08-02 3 1 1 1 2 2 1 2 1 1 1 1 3 1 1 1 1 1 1 3 1 1 1 1 1 3 1 2 1 1 2 3 3 2
2018-08-03 2 1 2 1 1 1 1 1 1 1 1 2 3 2 1 1 1 3 1 2 1 1 1 2 2 1 1 2 1 3 1 3 3 2
2018-08-04 4 4 4 4 4 4 4 4 4 4 4 4 4 4 4 4 4 4 4 4 4 4 4 4 4 4 4 4 4 4 4 4 4 4
2018-08-05 4 4 4 4 4 4 4 4 4 4 4 4 4 4 4 4 4 4 4 4 4 4 4 4 4 4 4 4 4 4 4 4 4 4
2018-08-06 1 1 1 1 1 1 2 1 1 1 3 2 1 1 2 1 2 1 1 1 1 2 1 1 2 1 2 1 1 1 1 3 1 1
2018-08-07 1 1 1 2 1 2 1 1 1 1 3 3 2 1 2 1 3 1 1 1 1 1 2 1 2 1 1 1 1 1 1 1 1 3
2018-08-08 1 1 1 2 1 2 1 1 1 1 1 1 1 1 2 1 1 2 2 2 1 1 2 3 1 2 1 2 1 2 1 1 1 1
2018-08-09 1 1 2 1 1 3 1 1 1 3 1 1 3 1 1 1 1 2 1 2 1 1 1 2 1 1 1 1 1 1 1 1 1 1
2018-08-10 1 1 1 2 1 1 1 1 1 1 1 2 2 1 1 1 3 1 1 1 1 1 1 1 1 1 1 1 1 2 1 1 1 1
2018-08-11 4 4 4 4 4 4 4 4 4 4 4 4 4 4 4 4 4 4 4 4 4 4 4 4 4 4 4 4 4 4 4 4 4 4
2018-08-12 4 4 4 4 4 4 4 4 4 4 4 4 4 4 4 4 4 4 4 4 4 4 4 4 4 4 4 4 4 4 4 4 4 4
2018-08-13 2 2 1 1 2 1 1 1 1 1 1 3 1 2 1 1 1 1 1 1 2 1 1 2 1 1 1 1 1 1 1 2 1 2
2018-08-14 1 1 1 1 1 2 1 1 1 1 2 1 2 2 3 1 1 1 1 1 1 1 1 1 1 1 2 1 1 1 1 1 2 2
2018-08-15 1 1 1 1 2 2 1 3 2 1 1 1 1 1 1 1 1 1 1 1 1 3 1 2 1 1 1 1 2 1 1 1 1 1
2018-08-16 2 1 1 1 1 1 1 1 2 1 1 1 1 1 1 1 1 1 2 1 1 3 1 1 1 2 1 1 1 1 2 1 1 1
2018-08-17 1 1 1 1 1 1 1 2 2 2 1 1 1 1 1 1 1 1 1 1 1 1 1 1 1 2 1 1 1 1 1 1 2 3
2018-08-18 4 4 4 4 4 4 4 4 4 4 4 4 4 4 4 4 4 4 4 4 4 4 4 4 4 4 4 4 4 4 4 4 4 4
2018-08-19 4 4 4 4 4 4 4 4 4 4 4 4 4 4 4 4 4 4 4 4 4 4 4 4 4 4 4 4 4 4 4 4 4 4
2018-08-20 2 1 1 1 2 1 2 1 2 1 1 1 1 1 2 1 3 1 2 1 2 1 1 1 2 1 2 1 1 3 1 1 1 1
2018-08-21 2 2 1 2 1 1 2 1 2 1 1 3 1 1 1 1 2 2 3 1 3 1 1 1 1 1 1 3 2 2 1 1 3 3
2018-08-22 1 2 1 1 1 1 1 3 1 1 2 3 2 3 2 1 2 1 1 2 1 1 1 1 2 3 2 2 1 2 1 1 3 3
2018-08-23 1 1 1 1 1 1 1 3 3 1 2 1 3 3 2 2 2 1 1 1 2 1 2 1 2 1 1 3 1 1 2 2 3 2
2018-08-24 1 1 1 1 1 2 1 3 1 1 1 1 2 1 1 3 2 3 1 1 2 1 1 1 1 2 2 2 1 3 3 1 3 3
2018-08-25 4 4 4 4 4 4 4 4 4 4 4 4 4 4 4 4 4 4 4 4 4 4 4 4 4 4 4 4 4 4 4 4 4 4
2018-08-26 4 4 4 4 4 4 4 4 4 4 4 4 4 4 4 4 4 4 4 4 4 4 4 4 4 4 4 4 4 4 4 4 4 4
2018-08-27 2 1 1 2 1 1 2 2 2 1 3 1 3 1 1 1 1 2 1 3 3 2 1 1 1 3 2 3 1 2 2 1 1 2
2018-08-28 3 1 3 2 2 2 3 2 1 3 1 3 1 2 3 3 1 1 2 1 2 1 2 1 3 1 3 2 2 1 2 3 2 1
2018-08-29 1 2 1 1 3 3 1 3 2 1 2 1 2 2 2 2 3 2 2 1 2 1 2 3 3 1 1 2 3 2 1 3 2 1
2018-08-30 3 3 3 3 2 3 3 1 2 1 3 2 2 1 2 3 1 1 1 2 1 3 3 3 3 1 1 3 2 1 2 1 2 2
2018-08-31 2 3 1 1 2 2 3 1 2 1 2 3 2 2 2 2 2 3 3 2 2 3 3 1 3 3 2 3 1 1 2 3 2 1
2018-09-01 4 4 4 4 4 4 4 4 4 4 4 4 4 4 4 4 4 4 4 4 4 4 4 4 4 4 4 4 4 4 4 4 4 4
2018-09-02 4 4 4 4 4 4 4 4 4 4 4 4 4 4 4 4 4 4 4 4 4 4 4 4 4 4 4 4 4 4 4 4 4 4
2018-09-03 1 2 1 2 2 1 3 2 2 3 2 3 3 3 2 1 2 3 1 3 3 1 3 3 2 2 3 2 1 2 3 1 2 3
2018-09-04 2 2 2 2 2 2 3 2 2 1 2 1 2 3 1 2 2 2 2 3 1 1 1 2 2 2 1 3 1 1 1 2 2 2
2018-09-05 2 2 2 2 1 2 2 1 3 1 1 2 3 2 1 2 1 2 1 3 2 1 1 2 1 2 1 2 1 3 2 1 1 2
2018-09-06 3 2 2 2 3 1 2 2 1 1 2 1 2 2 1 2 2 2 1 2 2 3 2 1 1 3 1 3 3 2 3 2 2 1
2018-09-07 2 2 3 2 3 2 2 2 2 1 3 2 2 3 3 2 2 2 2 2 1 3 1 3 1 1 2 3 2 2 1 3 2 1
2018-09-08 4 4 4 4 4 4 4 4 4 4 4 4 4 4 4 4 4 4 4 4 4 4 4 4 4 4 4 4 4 4 4 4 4 4
2018-09-09 4 4 4 4 4 4 4 4 4 4 4 4 4 4 4 4 4 4 4 4 4 4 4 4 4 4 4 4 4 4 4 4 4 4
2018-09-10 3 3 2 2 2 1 1 3 3 2 1 2 2 2 2 2 2 2 2 2 2 2 3 3 3 2 3 3 1 1 1 1 2 3
2018-09-11 1 2 2 3 3 2 2 1 3 2 1 2 1 3 1 1 2 1 1 2 3 3 1 2 1 3 2 2 3 3 1 1 2 1
2018-09-12 2 2 2 2 2 2 3 1 2 1 1 2 3 2 2 2 2 2 1 3 2 2 2 3 2 2 1 1 1 2 2 3 2 2
2018-09-13 2 2 2 3 1 3 2 2 2 2 3 2 2 3 2 2 3 2 2 2 2 2 3 1 2 2 1 2 2 2 3 2 2 2
2018-09-14 1 2 3 3 2 3 2 2 1 3 1 2 2 2 2 2 2 1 1 3 3 3 2 2 1 2 3 3 2 1 1 2 3 3
2018-09-15 4 4 4 4 4 4 4 4 4 4 4 4 4 4 4 4 4 4 4 4 4 4 4 4 4 4 4 4 4 4 4 4 4 4
2018-09-16 4 4 4 4 4 4 4 4 4 4 4 4 4 4 4 4 4 4 4 4 4 4 4 4 4 4 4 4 4 4 4 4 4 4
2018-09-17 2 2 3 2 1 3 1 1 1 2 2 2 3 1 2 3 2 2 2 2 2 1 3 3 3 2 2 3 2 2 3 2 2 3
2018-09-18 2 1 2 2 3 2 2 1 3 3 1 1 2 1 1 2 3 2 2 2 2 2 1 1 2 3 1 2 2 2 3 1 3 1
2018-09-19 2 2 2 2 3 2 2 3 2 1 1 1 2 3 2 2 2 1 2 2 2 2 2 1 3 2 1 3 3 2 2 2 3 3
2018-09-20 2 3 3 3 3 2 2 1 2 1 1 2 3 3 2 1 2 2 2 2 2 2 3 1 1 1 1 2 2 3 2 1 1 3
2018-09-21 1 2 2 1 2 3 2 1 2 3 2 3 1 3 2 1 1 3 2 1 2 2 2 3 2 2 1 2 1 3 2 2 1 2
2018-09-22 4 4 4 4 4 4 4 4 4 4 4 4 4 4 4 4 4 4 4 4 4 4 4 4 4 4 4 4 4 4 4 4 4 4
2018-09-23 4 4 4 4 4 4 4 4 4 4 4 4 4 4 4 4 4 4 4 4 4 4 4 4 4 4 4 4 4 4 4 4 4 4
2018-09-24 3 2 1 1 3 3 2 2 3 2 1 3 1 2 2 2 3 1 2 3 1 3 2 1 3 2 2 3 1 1 3 1 3 3
2018-09-25 2 2 2 2 2 3 2 2 2 3 2 3 2 1 2 2 2 2 2 2 2 1 2 2 3 2 3 2 3 2 1 2 3 2
2018-09-26 3 3 1 2 1 2 1 2 2 3 2 3 2 3 2 2 2 3 2 2 2 3 3 2 2 3 2 1 2 2 2 2 3 2
2018-09-27 2 2 2 2 2 2 2 2 2 3 2 3 3 2 2 2 2 2 2 2 2 2 2 3 2 1 2 2 2 2 2 2 2 2
2018-09-28 3 1 2 1 1 2 1 3 3 2 3 2 3 1 1 2 2 1 2 2 2 2 2 3 1 1 2 2 3 2 1 2 2 2
2018-09-29 4 4 4 4 4 4 4 4 4 4 4 4 4 4 4 4 4 4 4 4 4 4 4 4 4 4 4 4 4 4 4 4 4 4
2018-09-30 4 4 4 4 4 4 4 4 4 4 4 4 4 4 4 4 4 4 4 4 4 4 4 4 4 4 4 4 4 4 4 4 4 4
2018-10-01 10 10 10 9 10 9 10 10 10 10 10 10 11 10 10 10 9 9 10 10 10 10 10 10 10 10 10 10 10 10 11 9 10 10
2018-10-02 10 9 10 10 10 11 10 10 11 10 10 9 10 10 10 10 10 10 10 10 11 10 10 10 10 10 10 10 10 11 10 11 10 11
2018-10-03 10 10 10 10 10 11 9 11 9 10 10 10 10 10 11 10 10 9 10 9 10 10 10 10 10 11 11 9 10 10 10 10 10 10
2018-10-04 10 9 10 10 11 9 9 10 10 10 9 10 10 10 10 10 10 10 10 10 10 10 10 10 10 10 11 10 10 10 9 10 9 10
2018-10-05 10 10 10 10 10 10 11 10 10 10 10 10 11 10 10 10 10 10 10 10 9 10 9 10 10 10 9 10 10 9 10 10 10 10
2018-10-06 12 12 12 12 12 12 12 12 12 12 12 12 12 12 12 12 12 12 12 12 12 12 12 12 12 12 12 12 12 12 12 12 12 12
2018-10-07 12 12 12 12 12 12 12 12 12 12 12 12 12 12 12 12 12 12 12 12 12 12 12 12 12 12 12 12 12 12 12 12 12 12
2018-10-08 11 9 10 10 10 10 10 10 10 10 10 10 9 10 10 10 11 10 11 10 10 10 10 10 9 10 10 9 10 9 10 10 9 10
2018-10-09 9 10 10 10 10 10 9 11 9 10 10 10 10 10 10 9 10 10 11 10 9 9 10 10 10 10 11 11 9 10 10 10 9 9
2018-10-10 9 9 9 10 10 9 10 9 9 11 9 10 9 11 10 10 11 9 9 9 11 10 11 10 10 10 10 9 9 10 10 11 10 9
2018-10-11 9 10 11 9 10 10 10 11 10 10 10 10 10 10 10 10 11 10 11 9 11 10 10 10 10 11 10 9 10 9 10 11 10 9
2018-10-12 9 9 10 9 10 10 10 10 10 10 9 10 10 10 10 10 9 10 11 10 9 10 10 10 11 10 10 10 10 10 10 9 10 10
2018-10-13 12 12 12 12 12 12 12 12 12 12 12 12 12 12 12 12 12 12 12 12 12 12 12 12 12 12 12 12 12 12 12 12 12 12
2018-10-14 12 12 12 12 12 12 12 12 12 12 12 12 12 12 12 12 12 12 12 12 12 12 12 12 12 12 12 12 12 12 12 12 12 12
2018-10-15 11 10 9 10 10 10 10 9 10 10 9 10 10 10 10 10 10 10 9 11 10 11 9 11 10 10 10 9 11 10 11 10 10 9
2018-10-16 9 10 10 10 10 9 10 9 10 10 9 9 9 10 9 9 10 9 11 10 11 9 9 10 10 9 10 11 9 9 9 10 11 9
2018-10-17 11 9 10 10 10 10 10 9 10 9 9 9 9 10 11 11 10 9 9 10 11 10 9 10 10 9 11 11 9 11 9 10 9 9
2018-10-18 11 11 10 10 10 10 10 9 10 9 9 9 9 9 11 10 9 9 9 10 9 9 11 10 10 11 11 9 11 9 9 10 9 10
2018-10-19 9 10 9 10 10 10 10 11 10 9 9 9 11 10 10 10 9 9 10 11 9 9 11 9 10 9 11 9 11 11 9 10 10 11
2018-10-20 12 12 12 12 12 12 12 12 12 12 12 12 12 12 12 12 12 12 12 12 12 12 12 12 12 12 12 12 12 12 12 12 12 12
2018-10-21 12 12 12 12 12 12 12 12 12 12 12 12 12 12 12 12 12 12 12 12 12 12 12 12 12 12 12 12 12 12 12 12 12 12
2018-10-22 10 10 9 10 10 10 11 10 10 9 9 11 10 11 10 10 10 10 10 10 9 10 10 10 9 9 11 11 9 9 10 9 11 10
2018-10-23 11 9 10 9 10 11 9 10 11 9 9 9 11 9 10 11 10 10 10 10 11 9 10 10 10 9 10 11 11 11 10 10 11 9
2018-10-24 11 9 10 9 11 11 9 10 9 9 9 9 9 10 10 9 10 11 9 9 11 9 10 10 10 9 9 10 11 9 10 10 9 9
2018-10-25 9 9 10 9 11 10 11 9 11 9 11 9 9 10 10 11 11 11 9 10 11 9 9 10 10 9 9 10 9 11 10 9 11 11
2018-10-26 9 9 9 10 11 10 11 10 9 11 9 9 11 10 10 10 9 9 11 10 9 9 10 9 9 9 9 9 9 9 9 10 9 9
2018-10-27 12 12 12 12 12 12 12 12 12 12 12 12 12 12 12 12 12 12 12 12 12 12 12 12 12 12 12 12 12 12 12 12 12 12
2018-10-28 12 12 12 12 12 12 12 12 12 12 12 12 12 12 12 12 12 12 12 12 12 12 12 12 12 12 12 12 12 12 12 12 12 12
2018-10-29 11 9 9 9 11 9 9 10 11 9 11 9 10 10 10 9 11 10 11 10 11 9 9 10 10 11 9 11 11 9 9 9 9 11
2018-10-30 9 9 11 9 11 10 9 10 11 9 9 9 11 11 11 9 11 10 11 10 11 9 11 10 10 9 9 10 11 9 9 11 11 10
2018-10-31 9 11 10 9 11 10 9 10 10 9 9 9 10 10 9 9 11 9 11 10 10 9 10 10 10 9 9 10 10 10 11 10 10 10
2018-11-01 7 6 6 7 7 6 5 7 7 5 7 5 7 7 7 6 6 7 6 7 6 6 7 7 5 7 6 5 6 6 5 7 5 5
2018-11-02 6 6 6 6 5 6 7 7 7 5 6 7 7 6 5 7 7 7 7 7 7 5 7 6 7 5 7 5 5 7 6 5 6 7
2018-11-03 8 8 8 8 8 8 8 8 8 8 8 8 8 8 8 8 8 8 8 8 8 8 8 8 8 8 8 8 8 8 8 8 8 8
2018-11-04 8 8 8 8 8 8 8 8 8 8 8 8 8 8 8 8 8 8 8 8 8 8 8 8 8 8 8 8 8 8 8 8 8 8
2018-11-05 7 6 5 5 7 7 6 6 7 5 5 7 7 7 7 5 7 6 6 6 7 5 7 5 5 7 6 6 7 7 7 5 7 7
2018-11-06 7 6 6 5 7 7 7 5 7 7 7 5 7 7 5 5 7 7 7 5 7 7 6 5 7 7 7 5 7 5 7 7 7 7
2018-11-07 6 6 6 7 5 5 7 7 7 7 5 6 6 5 6 7 6 6 7 6 5 6 5 5 6 7 6 6 6 6 7 7 7 5
2018-11-08 6 6 5 7 6 7 6 5 5 7 7 5 7 7 6 5 5 7 7 5 7 6 7 6 6 7 7 6 6 7 7 7 5 5
2018-11-09 7 5 7 7 7 5 6 5 7 7 6 6 6 5 5 7 7 7 5 6 7 7 7 7 5 7 7 6 7 6 5 7 5 5
2018-11-10 8 8 8 8 8 8 8 8 8 8 8 8 8 8 8 8 8 8 8 8 8 8 8 8 8 8 8 8 8 8 8 8 8 8
2018-11-11 8 8 8 8 8 8 8 8 8 8 8 8 8 8 8 8 8 8 8 8 8 8 8 8 8 8 8 8 8 8 8 8 8 8
2018-11-12 7 7 7 5 5 7 6 7 6 5 7 7 5 5 7 7 7 7 7 6 5 5 7 5 7 6 7 6 7 5 7 7 7 6
2018-11-13 5 7 5 5 7 7 6 6 6 7 7 6 5 7 7 6 7 6 5 7 5 7 7 5 7 7 7 5 7 7 7 7 6 7
2018-11-14 6 7 6 5 7 5 6 5 6 7 7 7 7 6 6 6 6 6 5 5 7 7 6 6 5 7 7 5 6 6 5 7 7 5
2018-11-15 5 7 7 6 7 5 7 5 7 7 7 5 5 5 7 7 5 7 6 6 7 7 6 6 7 7 7 6 5 7 7 6 7 6
2018-11-16 7 6 6 7 6 5 7 7 6 7 7 6 7 7 7 7 7 6 7 6 6 7 6 6 6 7 7 7 6 6 6 6 6 5
2018-11-17 8 8 8 8 8 8 8 8 8 8 8 8 8 8 8 8 8 8 8 8 8 8 8 8 8 8 8 8 8 8 8 8 8 8
2018-11-18 8 8 8 8 8 8 8 8 8 8 8 8 8 8 8 8 8 8 8 8 8 8 8 8 8 8 8 8 8 8 8 8 8 8
2018-11-19 7 7 7 7 7 5 7 7 7 6 7 6 6 7 7 7 6 6 7 7 7 6 5 6 7 7 7 5 6 7 7 5 6 5
2018-11-20 7 7 7 6 5 5 6 7 7 6 5 7 7 6 7 5 6 6 7 6 6 7 6 5 5 6 7 5 7 5 6 6 6 6
2018-11-21 6 6 7 7 6 5 5 7 6 6 5 5 6 7 7 6 7 6 7 7 6 7 5 7 7 7 6 5 5 7 7 6 7 5
2018-11-22 5 7 7 6 6 6 6 7 6 6 5 6 7 6 7 5 7 7 7 7 5 7 6 6 6 6 7 5 7 5 7 7 6 5
2018-11-23 7 6 7 6 6 7 7 7 7 5 7 6 5 7 7 7 6 5 5 7 6 7 5 6 5 6 7 6 7 6 7 6 7 6
2018-11-24 8 8 8 8 8 8 8 8 8 8 8 8 8 8 8 8 8 8 8 8 8 8 8 8 8 8 8 8 8 8 8 8 8 8
2018-11-25 8 8 8 8 8 8 8 8 8 8 8 8 8 8 8 8 8 8 8 8 8 8 8 8 8 8 8 8 8 8 8 8 8 8
2018-11-26 7 7 7 5 5 5 6 7 7 6 6 7 6 7 7 7 6 6 7 5 6 5 7 7 5 7 5 5 6 7 7 6 7 6
2018-11-27 7 7 7 7 6 6 6 7 6 6 7 6 7 5 7 7 7 7 5 7 7 7 6 6 5 6 6 5 6 6 6 6 7 6
2018-11-28 6 7 7 7 6 5 5 6 7 6 7 5 6 6 7 7 6 7 7 7 5 5 7 6 7 7 7 5 5 7 7 6 7 7
2018-11-29 6 5 7 7 6 6 7 7 7 7 7 6 6 5 5 7 5 7 5 6 7 7 6 5 6 7 6 7 5 7 6 7 7 7
2018-11-30 7 7 5 5 7 7 6 7 7 5 6 6 5 6 5 6 5 7 5 7 5 6 7 7 7 7 7 7 6 6 7 6 7 5
2018-12-01 8 8 8 8 8 8 8 8 8 8 8 8 8 8 8 8 8 8 8 8 8 8 8 8 8 8 8 8 8 8 8 8 8 8
2018-12-02 8 8 8 8 8 8 8 8 8 8 8 8 8 8 8 8 8 8 8 8 8 8 8 8 8 8 8 8 8 8 8 8 8 8
2018-12-03 7 7 6 6 7 6 7 7 6 7 7 7 5 6 7 6 7 7 5 7 6 7 6 5 7 5 7 6 6 5 7 6 6 7
2018-12-04 6 7 6 7 7 5 6 6 5 6 7 7 7 6 7 5 7 7 5 6 7 6 6 6 7 7 7 7 7 5 7 6 7 7
2018-12-05 7 7 6 7 7 6 5 7 6 6 7 7 7 6 7 6 7 6 7 6 7 7 6 7 7 7 6 7 7 7 7 7 6 7
2018-12-06 5 7 5 7 6 5 7 6 6 5 6 7 7 7 6 7 7 7 5 5 6 7 6 7 7 5 6 5 6 7 7 7 6 7
2018-12-07 6 6 6 7 6 7 7 7 6 7 6 7 7 7 7 7 7 7 7 6 7 6 5 7 5 5 7 6 6 5 5 7 6 7
2018-12-08 8 8 8 8 8 8 8 8 8 8 8 8 8 8 8 8 8 8 8 8 8 8 8 8 8 8 8 8 8 8 8 8 8 8
2018-12-09 8 8 8 8 8 8 8 8 8 8 8 8 8 8 8 8 8 8 8 8 8 8 8 8 8 8 8 8 8 8 8 8 8 8
2018-12-10 7 7 6 5 7 7 5 5 7 5 6 7 7 7 7 7 6 7 5 6 6 7 6 6 7 6 5 7 6 7 7 6 7 7
2018-12-11 7 6 7 7 7 6 6 7 7 7 7 7 6 5 7 5 7 5 7 7 6 7 7 6 7 6 6 7 7 7 6 6 7 7
2018-12-12 6 7 6 7 5 6 7 7 7 7 6 7 5 6 6 7 6 7 7 7 5 6 5 7 7 5 7 5 6 7 6 7 7 7
2018-12-13 5 5 7 7 6 5 7 6 6 7 7 7 7 7 6 7 5 7 7 6 6 7 6 6 7 7 6 6 7 7 7 6 6 6
2018-12-14 6 6 6 6 7 7 6 5 7 7 7 6 6 6 5 6 6 7 7 6 6 6 6 6 7 6 7 7 7 7 6 7 6 7
2018-12-15 8 8 8 8 8 8 8 8 8 8 8 8 8 8 8 8 8 8 8 8 8 8 8 8 8 8 8 8 8 8 8 8 8 8
2018-12-16 8 8 8 8 8 8 8 8 8 8 8 8 8 8 8 8 8 8 8 8 8 8 8 8 8 8 8 8 8 8 8 8 8 8
2018-12-17 6 7 7 7 5 6 6 7 5 7 7 7 6 6 7 7 7 7 7 7 7 6 7 5 6 6 7 7 7 7 6 7 6 5
2018-12-18 5 7 6 5 7 5 6 7 5 7 7 7 7 7 7 7 7 7 5 6 6 5 7 7 6 6 6 6 6 7 6 7 7 5
2018-12-19 7 7 6 5 5 5 7 7 6 7 5 5 7 6 6 5 7 7 7 7 5 7 7 7 6 6 7 5 6 6 5 7 5 6
2018-12-20 7 7 7 7 7 7 7 5 5 7 7 5 7 6 5 7 7 7 6 6 5 5 5 6 5 5 6 6 7 7 6 6 6 5
2018-12-21 7 7 7 7 7 6 6 6 7 7 7 7 6 6 5 5 5 6 7 7 6 7 6 6 6 6 5 7 6 7 6 7 7 7
2018-12-22 8 8 8 8 8 8 8 8 8 8 8 8 8 8 8 8 8 8 8 8 8 8 8 8 8 8 8 8 8 8 8 8 8 8
2018-12-23 8 8 8 8 8 8 8 8 8 8 8 8 8 8 8 8 8 8 8 8 8 8 8 8 8 8 8 8 8 8 8 8 8 8
2018-12-24 6 5 6 7 6 5 7 6 7 5 7 6 6 7 6 7 5 5 5 7 7 6 7 5 7 7 7 6 7 5 6 7 7 7
2018-12-25 6 7 7 5 6 6 7 7 7 6 6 6 6 6 7 7 7 5 7 7 7 5 7 7 7 6 7 5 7 7 5 6 7 5
2018-12-26 7 7 7 5 7 5 6 6 5 5 6 5 7 6 5 6 7 5 6 6 7 7 6 7 6 6 6 7 6 7 5 6 6 7
2018-12-27 7 7 6 7 7 6 6 5 7 6 7 6 5 6 5 7 7 7 7 7 7 7 7 7 6 6 5 7 7 6 7 5 7 7
2018-12-28 5 7 6 5 5 6 5 7 7 6 6 6 5 6 6 7 5 5 6 7 7 7 5 6 7 7 5 6 7 7 5 5 6 6
2018-12-29 8 8 8 8 8 8 8 8 8 8 8 8 8 8 8 8 8 8 8 8 8 8 8 8 8 8 8 8 8 8 8 8 8 8
2018-12-30 8 8 8 8 8 8 8 8 8 8 8 8 8 8 8 8 8 8 8 8 8 8 8 8 8 8 8 8 8 8 8 8 8 8
2018-12-31 6 6 6 6 7 5 5 5 7 7 6 7 7 7 7 7 7 6 5 7 7 6 7 6 7 6 7 7 6 7 5 7 6 5
